

inc_y1 <- 100
inc_y2 <- 100
inc_y3 <- 100

r <-  .1 # interest rate

npv <- inc_y1 + (inc_y2/(1+r)^1) + (inc_y3/(1+r)^2)

